0.0

83.35522153873488

166.71183170654916

250.0712192596304

333.43477320841157

416.8038829447624

500.1799383692679

583.5643300186161

666.9584491931279

750.363688084454

833.7814399034721

917.2130990084063

1000.6600610332007

1084.1237230161723

1167.605483528982

1251.1067428059444

1334.628902873695

1418.173367681265

1501.741543230587

1585.3348377074442

1668.9546616129217

1752.6024278953512

1836.2795520828274

1919.9874524162774

2003.727549983152

2087.50126885175

2171.3100362062073

2255.155282482181

2339.0384415032854

2422.9609506182605

2506.924250838961

2590.929786979164

2674.9790077942203

2759.073366121635

2843.2143190225397

2927.4033279241407

3011.6418587631774

3095.93138213037

3180.273373415979

3264.669312956428

3349.1206861821

3433.628983766259

3518.1957017752347

3602.8223418198145

3687.5104112079525

3772.261423098771

3857.0768966579585

3941.958357214555

4026.9073364191836

4111.925372403766

4197.0140099427845

4282.174800616065

4367.40930297324

4452.719082699833

4538.105712785023

4623.570773691199

4709.11585352528

4794.74254821188

4880.452461668365

4966.247205981855

5052.128401588183

5138.097677452921

5224.156671254481

5310.307029569328

5396.550408059445

5482.88847166199

5569.32289478129

5655.855361483166

5742.487565691708

5829.221211388493

5916.0580128143365

6002.999694673682

6090.04799234159

6177.204652073489

6264.471431217699

6351.850098430807

6439.342433895963

6526.950229544163

6614.675289278591

6702.519429202099

6790.48447784788

6878.572276413432

6966.784678997867

7055.123552842629

7143.590778575837

7232.1882504600735

7320.917876643959

7409.781579417449

7498.7812954709925

7587.918976158655

7677.196587765256

7766.61611177761

7856.179545160054

7945.888900634289

8035.7462069635585

8125.753509241454

8215.912869185344

8306.226365434475

8396.696093853023

8487.324167837969

8578.112718632261

8669.063895642932

8760.179866764724

8851.462818709124

8942.914957338871

9034.538508008336

9126.335715909589

9218.308846424476

9310.460185482933

9402.79203992738

9495.306737883695

9588.006629138648

9680.894085524065

9773.97150130791

9867.241293592388

9960.705902719275

10054.367792682644

10148.229451549114

10242.293391885889

10336.56215119671

10431.03829236595

10525.72440411104

10620.623101443378

10715.737026138035

10811.06884721236

10906.621261413778

11002.396993717026

11098.398797830916

11194.629456715076

11291.091783106753

11387.788620057907

11484.722841483106

11581.897352718175

11679.315091089993

11776.979026497838

11874.892162006458

11973.057534451005

12071.478215054574

12170.157310058212

12269.097961363956

12368.303347191199

12467.776682746751

12567.5212209088

12667.5402529254

12767.837109127595

12868.41515965775

12969.277815213392

13070.42852780704

13171.870791542306

13273.608143406953

13375.64416408307

13477.98247877506

13580.626758055787

13683.580718731388

13786.848124725308

13890.432787982052

13994.338569391159

14098.569379732027

14203.129180640055

14308.021985594822

14413.251860930835

14518.822926871451

14624.739358586681

14731.005387275522

14837.62530127351

14944.603447186177

15051.9442310493

15159.652119516393

15267.73164107458

15376.187387289427

15485.024014079658

15594.2462430226

15703.858862691262

15813.866730024085

15924.274771727967

16035.087985716087

16146.311442581016

16257.950287104564

16370.009739805299

16482.49509852484

16595.411740054133

16708.76512180094

16822.560783499972

16936.8043489663

17051.50152789446

17166.658117703555

17282.280005430744

17398.373169673643

17514.94368258408

17631.997711914315

17749.54152311751

17867.581481503985

17986.12405445545

18105.175813698603

18224.74343764042

18344.83371376674

18465.453541106293

18586.609932762844

18708.310018516582

18830.561047498188

18953.37039093709

19076.745544986985

19200.6941336308

19325.223911667803

19450.34276778589

19576.058727721607

19702.379957510948

19829.31476683414

19956.871612457362

20085.059101775085

20213.88599645608

20343.361216196896

20473.493842586657

20604.293123086587

20735.76847512867

20867.929490337425

21000.785938879217

21134.34777394331

21268.625136359675

21403.628359357954

21539.36797347309

21675.854711602078

21813.099514217927

21951.113534745953

22089.90814510812

22229.494941441844

22369.885749998688

22511.09263323004

22653.12789606586

22796.004092393378

22939.734031742966

23084.330786188042

23229.807697466495

23376.178384331615

23523.45675013945

23671.656990681466

23820.793602269987

23970.881390084836

24121.935476789316

24273.9713114245

24427.00467858919

24581.051707914983

24736.128883843874

24892.253055716974

25049.441448181613

25207.711671924782

25367.081734739168

25527.570052928102

25689.19546305456

25851.977234037975

26015.935079601855

26181.089171072206

26347.460150525545

26515.06914428224

26683.937776737246

26854.088184517204

27025.543030946166

27198.325520798968

27372.45941531175

27547.969047412003

27724.87933712

27903.215807061602

28083.004598017134

28264.272484414403

28447.046889652353

28631.35590111796

28817.228284727353

29004.693498788598

29193.78170693928

29384.52378986143

29576.951355415455

29771.096746760966

29966.993047944965

30164.67408633246

30364.174431128227

30565.529387087314

30768.77498232968

30973.94794895609

31181.085694900165

31390.226265135574

31601.408289979052

31814.670917772874

32030.053728683382

32247.59662569262

32467.339698068656

32689.323051649062

32913.58659913233

33140.16980220465

33369.111355696725

33600.44880201472

33834.218061772954

34070.452863809376

34309.184054528356

34550.438762726175

34794.23939165508

35040.602405024074

35289.536867910676

35541.04269719105

35795.10856920422

36051.70942518469

36310.803507936034

36572.32885697249

36836.199184967154

37102.299057394375

37370.478301958814

37640.545587854285

37912.26114116982

38185.32860705325

38459.38613777913

38733.99688556875

39008.63921658828

39282.69714290596

39555.45169271083

39826.07419781403

40093.62275011245

40357.04332556528

40615.17723341868

40866.77653660157

41110.5288108821

41345.09197901316

41569.138928385306

41781.41023823133

41980.77176677143

42166.27236842949

42337.19599987212

42493.10229255591

42633.85053801308

42759.6039150869

42870.81336019234

42968.18320069182

43052.62294500087

43125.19099604142

43187.03634011708

43239.34356498024

43283.285194160104

43319.983685182815

43350.48387988888

43375.735450818116

43396.58405870631

43413.7695122792

43427.92912523971

43439.60459367195

43449.250971568355

43457.24662473451

43463.90334081809

43469.47603516552

43474.17170542451

43478.15745052893

43481.56748667753

43484.50917186961

43487.068099843185

43489.31235160999

43491.29600470238

43493.06200190485

43494.64447649463

43496.07062265967

43497.362189709704

43498.53666821453

43499.60822607194

43500.58844317478

43501.486885026265

43502.31154841607

43503.06920608731

43503.765672126414

43504.40600548743

43504.99466550864

43505.53563038203

43506.03248719389

43506.48850027319

43506.90666308339

43507.28973770253

43507.64028499895

43507.96068787365

43508.25316936837

43508.51980699282

43508.76254428466

43508.98320035188

43509.18347794975

43509.36497049364

43509.5291682968

43509.677464237444

43509.81115899988

43509.93146598752

43510.03951597544

43510.13636154562

43510.22298133328

43510.30028410249

43510.36911266005

43510.4302476149

43510.484410985744

43510.53226966014

43510.57443870493

43510.611484531386

43510.64392791595

43510.67224687986

43510.696879430136

43510.71822616534

43510.736652751

43510.75249226839

43510.766047441255

43510.77759274631

43510.78737641124

43510.79562230695

43510.80253173759

43510.80828513412

43510.813043656395

43510.816950707645

43510.820133366644

43510.82270374109

43510.8247602462

43510.826388812275

43510.82766402418

43510.828650196105

43510.829402383955

43510.829967337915

43510.8303843971

43510.83068632834

43510.83090011107

43510.83104766806

43510.83114654544

43510.8312105412

43510.831250283925

43510.83127376141

43510.831286800676

43510.8312934991

43510.831296607255

43510.831297863435

43510.83129827984

43510.83129838147

43510.83129839602

43510.831298396624

43510.831298396624

43510.83129839587

43510.8312983794

43510.83129826868

43510.83129782411

43510.83129649998

43510.83129325191

43510.83128629525

43510.831272816475

43510.8312486361

43510.83120782314

43510.83114226156

43510.83104116775

43510.83089055877

43510.83067267151

43510.83036533109

43510.829941268625

43510.82936738712

43510.82860397396

43510.82760385932

43510.82631151816

43510.8246621148

43510.82258048714

43510.81998006864

43510.81676174515

43510.81281264381

43510.8080048503

43510.80219405151

43510.79521809916

43510.786895490724

43510.77702376241

43510.765377790885

43510.75170799756

43510.73573845122

43510.7171648638

43510.69565247418

43510.67083381475

43510.64230635607

43510.60963002485

43510.572324590714

43510.52986691817

43510.481688079286

43510.42717032564

43510.36564391532

43510.296383794295

43510.21860613006

43510.13146469568

43510.034047102155

43509.925370875986

43509.804379375055

43509.66993753284

43509.52082741199

43509.35574353961

43509.17328797825

43508.97196506518

43508.750175718895

43508.50621116589

43508.23824587904

43507.94432943422

43507.622376875144

43507.27015702756

43506.885277998124

43506.46516883043

43506.00705594287

43505.507932522414

43504.96451846835

43504.37320773497

43503.72999897041

43503.03040414515

43502.269328343806

43501.440911988575

43500.53832439475

43499.553494628504

43498.476762044804

43497.296424520864

43495.9981571493

43494.564267920505

43492.97274962951

43491.19607886357

43489.19970354558

43486.940150343966

43484.362672777905

43481.39835084772

43477.96054479978

43473.94060115294

43469.20271120575

43463.57783484879

43456.85663084607

43448.781385410366

43439.03701166201

43427.24131179849

43412.93485912738

43395.57107305299

43374.50732442018

43348.99820732806

43318.192415071746

43281.13490781603

43236.776178573105

43183.990312829425

43121.60309326797

43048.43054941894

42963.327087359554

42865.24076374774

42753.27163386616

42626.72776242261

42485.17283338317

42328.459638318716

42156.74515115777

41970.48520794624

41770.40953673393

41557.480430197844

41332.84018826756

41097.75326890719

40822.4448729547

40534.46302058951

40237.98675157166

39936.43191764137

39632.441081535806

39327.97362196312

39024.43370245328

38722.79844992942

38423.72869566322

38127.65709750483

37834.85478096815

37545.48009357316

37259.61349775325

36977.282180368216

36698.47724247017

36423.16563111227

36151.29838808291

35882.81633728628

35617.6539982754

35355.742273821976

35097.010290650825

34841.38665496378

34588.80030312234

34339.1810718908

34092.46007415764

33848.56993959591

33607.44496151358

33369.02117859495

33133.23641155598

32900.03026872416

32669.344130371843

32441.121118714407

32215.306058440714

31991.845431208894

31770.687326526582

31551.781390719385

31335.078775181726

31120.532084742816

30908.09532672181

30697.72386106106

30489.374351794577

30283.004720014076

30078.574098426627

29876.04278755082

29675.372213562358

29476.52488777772

29279.4643677469

29084.155219914388

28890.562983801294

28698.654137655914

28508.396065517725

28319.757025638602

28132.7061202053

27947.213266307288

27763.249168095652

27580.78529008052

27399.793831515428

27220.247701819862

27042.120496992746

26865.386476971566

26690.02054389429

26515.99822122262

26343.295633687547

26171.88948802004

26001.757054430836

25832.876148806154

25665.225115586676

25498.78281129966

25333.52858871474

25169.442281596104

25006.504190024698

24844.695066265544

24683.996101156386

24524.38891099509

24365.855524904408

24208.378372653802

24051.940272918557

23896.524421958078

23742.114382695596

23588.694074182495

23436.247761431412

23284.760045602925

23134.21585453115

22984.600433574728

22835.89933677972

22688.098418342215

22541.18382435831

22395.14198485044

22249.95960605866

22105.62366298695

21962.121392194244

21819.440284820932

21677.568079841694

21536.492757535805

21396.202533166776

21256.68585086361

21117.93137769565

20979.927997934145

20842.664807493253

20706.13110854415

20570.316404295736

20435.210393935886

20300.802967727166

20167.084202251808

20034.04435580048

19901.673863899305

19769.9633349709

19638.90354612401

19508.485439067696

19378.700116145486

19249.538836485408

19120.993012261857

18993.054205065342

18865.714122376685

18738.96461414186

18612.79766944413

18487.20541327024

18362.180103367642

18237.714127189247

18113.79999892345

17990.43035660614

17867.597959312057

17745.2956844232

17623.51652497135

17502.25358705275

17381.500087312106

17261.24935049433

17141.49480706125

17022.22999087156

16903.44853692205

16785.14417914799

16667.310748280866

16549.94216976182

16433.032461709

16316.575732936995

16200.566181027114

16084.998090446548

15969.86583071526

15855.16385461895

15740.886696466805

15627.028970392668

15513.585368698337

15400.550660237735

15287.919688840768

15175.687371775593

15063.848698248376

14952.398727939228

14841.332589573449

14730.645479526906

14620.332660464695

14510.389460011987

14400.811269456313

14291.59354248024

14182.731793923722

14074.221598575068

13966.058589990032

13858.238459337925

13750.756954274255

13643.609877838933

13536.79308737962

13430.302493499172

13324.134059026825

13218.283798012306

13112.747774742335

13007.522102778794

12902.602944018161

12797.986507771488

12693.669049864366

12589.646871756466

12485.916319680047

12382.473783796931

