3.999983163703611E11

3.9999330670057794E11

3.9998496271519196E11

3.9997328427518994E11

3.99958271185991E11

3.999399231974278E11

3.999182400037258E11

3.998932212434741E11

3.998648664995907E11

3.998331752992875E11

3.997981471140245E11

3.9975978135946344E11

3.997180773954113E11

3.9967303452576434E11

3.9962465199844135E11

3.995729290053181E11

3.9951786468214984E11

3.9945945810849304E11

3.9939770830762177E11

3.993326142464354E11

3.9926417483536566E11

3.9919238892827246E11

3.991172553223436E11

3.9903877275797894E11

3.9895693991867554E11

3.98871755430905E11

3.987832178639877E11

3.986913257299582E11

3.9859607748342773E11

3.984974715214413E11

3.9839550618332635E11

3.982901797505397E11

3.981814904465059E11

3.980694364364522E11

3.9795401582723535E11

3.978352266671656E11

3.977130669458223E11

3.975875345938649E11

3.9745862748283936E11

3.973263434249742E11

3.971906801729781E11

3.9705163541982446E11

3.969092067985325E11

3.967633918819423E11

3.9661418818248694E11

3.9646159315194934E11

3.963056041812258E11

3.9614621860007166E11

3.9598343367684546E11

3.9581724661824915E11

3.9564765456905646E11

3.954746546118392E11

3.952982437666833E11

3.9511841899090137E11

3.949351771787373E11

3.9474851516106305E11

3.9455842970507007E11

3.943649175139516E11

3.9416797522658203E11

3.939675994171843E11

3.937637865949931E11

3.9355653320391064E11

3.9334583562215283E11

3.9313169016189105E11

3.9291409306888434E11

3.926930405221043E11

3.9246852863335364E11

3.922405534468734E11

3.9200911093894794E11

3.917741970174955E11

3.915358075216562E11

3.9129393822136633E11

3.9104858481693176E11

3.907997429385842E11

3.905474081460353E11

3.9029157592801886E11

3.900322417018273E11

3.8976940081283417E11

3.895030485340145E11

3.892331800654483E11

3.8895979053382166E11

3.886828749919131E11

3.88402428418075E11

3.881184457157018E11

3.878309217126883E11

3.875398511608823E11

3.872452287355207E11

3.869470490346611E11

3.8664530657859894E11

3.863399958092772E11

3.8603111108968207E11

3.8571864670323065E11

3.854025968531446E11

3.850829556618173E11

3.847597171701629E11

3.8443287533695856E11

3.841024240381736E11

3.837683570662872E11

3.834306681295922E11

3.8308935085148804E11

3.8274439876976074E11

3.823958053358485E11

3.8204356391409705E11

3.816876677810013E11

3.8132811012442786E11

3.8096488404283453E11

3.8059798254446533E11

3.802273985465386E11

3.79853124874415E11

3.7947515426075507E11

3.790934793446601E11

3.787080926707992E11

3.783189866885172E11

3.7792615375093225E11

3.775295861140099E11

3.7712927593563074E11

3.7672521527463214E11

3.763173960898378E11

3.759058102390685E11

3.75490449478137E11

3.750713054598228E11

3.746483697328292E11

3.742216337407236E11

3.7379108882085504E11

3.7335672620325757E11

3.7291853700952844E11

3.724765122516909E11

3.720306428310335E11

3.7158091953693005E11

3.711273330456359E11

3.706698739190671E11

3.702085326035537E11

3.697432994285703E11

3.692741646054456E11

3.688011182260485E11

3.683241502614483E11

3.678432505605516E11

3.673584088487142E11

3.668696147263279E11

3.663768576673801E11

3.658801270179892E11

3.6537941199491003E11

3.648747016840131E11

3.6436598503873596E11

3.6385325087850586E11

3.633364878871301E11

3.6281568461116205E11

3.6229082945823E11

3.6176191069533887E11

3.6122891644713904E11

3.606918346941615E11

3.601506532710199E11

3.596053598645777E11

3.5905594201208295E11

3.585023870992648E11

3.579446823583937E11

3.5738281486630414E11

3.568167715423814E11

3.5624653914650635E11

3.5567210427696173E11

3.5509345336829724E11

3.545105726891526E11

3.53923448340038E11

3.5333206625107227E11

3.527364121796714E11

3.5213647170819836E11

3.5153223024155835E11

3.509236730047538E11

3.503107850403826E11

3.496935512060918E11

3.490719561719746E11

3.4844598441792084E11

3.478156202309071E11

3.4718084770223425E11

3.465416507247096E11

3.4589801298976855E11

3.452499179845351E11

3.4459734898882556E11

3.4394028907208636E11

3.4327872109026965E11

3.426126276826409E11

3.419419912685196E11

3.4126679404395184E11

3.405870179783116E11

3.39902644810828E11

3.392136560470381E11

3.385200329551643E11

3.378217565624107E11

3.3711880765118085E11

3.3641116675521185E11

3.356988141556214E11

3.349817298768729E11

3.342598936826439E11

3.335332850716054E11

3.328018832731089E11

3.320656672427734E11

3.313246156579708E11

3.30578706913213E11

3.298279191154313E11

3.290722300791458E11

3.283116173215275E11

3.275460580573409E11

3.2677552919377075E11

3.260000073251315E11

3.252194687274446E11

3.244338893528928E11

3.236432448241424E11

3.228475104285264E11

3.220466611120931E11

3.212406714735053E11

3.204295157577949E11

3.196131678499666E11

3.187916012684399E11

3.179647891583333E11

3.171327042845818E11

3.1629531902488074E11

3.1545260536245526E11

3.146045348786471E11

3.1375107874531354E11

3.1289220771703394E11

3.120278921231147E11

3.1115810185939343E11

3.1028280637982526E11

3.0940197468785565E11

3.0851557532756616E11

3.076235763745881E11

3.067259454267736E11

3.058226495946264E11

3.049136554914695E11

3.0399892922335547E11

3.030784363787015E11

3.021521420176456E11

3.0122001066111426E11

3.00282006279587E11

2.9933809228155896E11

2.983882315016811E11

2.974323861885702E11

2.9647051799228534E11

2.9550258795144806E11

2.94528556480005E11

2.9354838335361487E11

2.9256202769565344E11

2.915694479628192E11

2.905706019303263E11

2.895654466766816E11

2.885539385680208E11

2.8753603324199335E11

2.8651168559119037E11

2.854808497460909E11

2.844434790575182E11

2.833995260785931E11

2.8234894254616486E11

2.812916793617118E11

2.8022768657169556E11

2.791569133473523E11

2.780793079639165E11

2.769948177792564E11

2.7590338921191437E11

2.7480496771854306E11

2.7369949777072894E11

2.7258692283119785E11

2.714671853293971E11

2.7034022663645795E11

2.692059870395409E11

2.6806440571557346E11

2.6691542070439716E11

2.657589688813443E11

2.6459498592927887E11

2.634234063101438E11

2.622441632360693E11

2.6105718864011407E11

2.5986241314673337E11

2.5865976604208118E11

2.5744917524429367E11

2.562305672739246E11

2.550038672247462E11

2.5376899873517667E11

2.5252588396065698E11

2.5127444354735605E11

2.500145966076827E11

2.4874626069816595E11

2.474693518004E11

2.4618378430587704E11

2.448894710057188E11

2.43586323086516E11

2.422742501337341E11

2.4095316014444568E11

2.3962295955150912E11

2.3828355326173743E11

2.3693484471112506E11

2.3557673594080826E11

2.3420912769817978E11

2.3283191956844666E11

2.3144501014296698E11

2.3004829723192416E11

2.2864167813034763E11

2.272250499481737E11

2.257983100169927E11

2.243613563883632E11

2.2291408844109872E11

2.2145640761772128E11

2.1998821831328308E11

2.1850942894287885E11

2.1701995321722565E11

2.1551971165838623E11

2.140086333896352E11

2.1248665823399008E11

2.1095373915422556E11

2.094098450621288E11

2.0785496401497607E11

2.0628910680106827E11

2.047123108919489E11

2.0312464470499133E11

2.0152621207540536E11

1.999171567815078E11

1.9829766690353156E11

1.966679787294632E11

1.9502837986009805E11

1.9337921112220386E11

1.9172086688858267E11

1.9005379344225897E11

1.883784851204335E11

1.8669547813447678E11

1.8500534217398E11

1.833086701394261E11

1.81606066571101E11

1.7989813550917242E11

1.7818546859648718E11

1.7646863420441467E11

1.7474816822918533E11

1.7302456699932745E11

1.712982824947971E11

1.6956971984748773E11

1.6783923690456894E11

1.6610714550929477E11

1.6437371409210913E11

1.6263917115965503E11

1.6090370930561597E11

1.5916748942848483E11

1.5743064491256918E11

1.5569328559874277E11

1.5395550143368063E11

1.5221736573718613E11

1.504789380659478E11

1.4874026667953745E11

1.4700139063241983E11

1.452623415261874E11

1.4352314496112732E11

1.4178382172721075E11

1.400443887730662E11

1.38304859988451E11

1.3656524683191945E11

1.3482555883133316E11

1.3308580398085446E11

1.3134598905435287E11

1.2960611985180128E11

1.2786620139230527E11

1.2612623806489104E11

1.2438623374604538E11

1.226461918912295E11

1.2090611560611798E11

1.1916600770212206E11

1.1742587073978412E11

1.1568570706285243E11

1.1394551882521992E11

1.1220530801241982E11

1.104650764589794E11

1.0872482586262746E11

1.0698455779611406E11

1.0524427371721626E11

1.0350397497735983E11

1.0176366282918094E11

1.0002333843326636E11

9.82830028642491E10

9.654265711638918E10

9.480230210873529E10

9.306193868993542E10

9.132156764274707E10

8.958118968828307E10

8.784080549002034E10

8.610041565759091E10

8.436002075036942E10

8.26196212808703E10

8.087921771796318E10

7.913881048991463E10

7.739839998726344E10

7.565798656553642E10

7.391757054781076E10

7.217715222712862E10

7.04367318687705E10

6.86963097123942E10

6.695588597404285E10

6.521546084803041E10

6.3475034508708496E10

6.173460711212101E10

5.999417879755203E10

5.8253749688971794E10

5.6513319896386505E10

5.477288951709654E10

5.303245863686799E10

5.129202733102188E10

4.955159566544589E10

4.7811163697532234E10

4.6070731477046E10

4.4330299046927574E10

4.258986644403272E10

4.084943369981396E10

3.910900084094587E10

3.736856788989807E10

3.562813486545852E10

3.3887701783209606E10

3.214726865596025E10

3.040683549413621E10

2.8666402306131004E10

2.6925969098620018E10

2.51855358768398E10

2.344510264483522E10

2.170466940567585E10

1.9964236161644547E10

1.8223802914399647E10

1.6483369665113115E10

1.474293641458654E10

1.3002503163346958E10

1.1262069911724453E10

9.521636659913477E9

7.781203408019817E9

6.0407701560952215E9

4.300336904161448E9

2.559903652225786E9

8.194704002899227E8

-9.209628516459409E8

-2.6613961035818043E9

-4.401829355517427E9

-6.142262607450954E9

-7.882695859374549E9

-9.623129111265198E9

-1.1363562363068766E10

-1.3103995614675333E10

-1.4844428865883976E10

-1.6584862116354973E10

-1.832529536554754E10

-2.0065728612641357E10

-2.1806161856439453E10

-2.354659509525108E10

-2.528702832675222E10

-2.7027461547821842E10

-2.8767894754351845E10

-3.0508327941028847E10

-3.224876110108528E10

-3.3989194226018093E10

-3.572962730527254E10

-3.747006032588907E10

-3.9210493272110634E10

-4.0950926124948135E10

-4.269135886170153E10

-4.443179145543381E10

-4.617222387439523E10

-4.791265608139431E10

-4.965308803311369E10

-5.139351967936608E10

-5.313395096228839E10

-5.4874381815469284E10

-5.66148121630072E10

-5.835524191849403E10

-6.0095670983921486E10

-6.1836099248504524E10

-6.357652658741768E10

-6.531695286044039E10

-6.705737791050459E10

-6.879780156214113E10

-7.053822361981844E10

-7.227864386616939E10

-7.401906206009836E10

-7.575947793476573E10

-7.749989119544159E10

-7.924030151722449E10

-8.098070854261765E10

-8.27211118789581E10

-8.44615110956923E10

-8.620190572149052E10

-8.794229524119566E10

-8.96826790925972E10

-9.142305666302402E10

-9.316342728574426E10

-9.490379023616235E10

-9.664414472779759E10

-9.838448990802307E10

-1.0012482485353952E11

-1.0186514856554514E11

-1.0360545996455264E11

-1.0534575788478046E11

-1.0708604106802325E11

-1.0882630815687027E11

-1.1056655768708815E11

-1.12306788078929E11

-1.1404699762703114E11

-1.1578718448847821E11

-1.1752734666843045E11

-1.1926748200255974E11

-1.2100758813527559E11

-1.2274766249242082E11

-1.2448770224671896E11

-1.2622770427375575E11

-1.2796766509564722E11

-1.2970758080875293E11

-1.3144744699081651E11

-1.3318725858169966E11

-1.3492700973039723E11

-1.366666935992241E11

-1.3840630211391165E11

-1.401458256458135E11

-1.4188525260945642E11

-1.4362456895530206E11

-1.453637575338496E11

-1.4710279730319818E11

-1.488416623481371E11

-1.5058032067504172E11

-1.5231873274388016E11

-1.5405684969721097E11

-1.5579461124723306E11

-1.575319431871107E11

-1.59268754503625E11

-1.6100493408666113E11

-1.6274034705913092E11

-1.6447483079035263E11

-1.662081907074866E11

-1.6794019608243945E11

-1.6967057604214133E11

-1.7139901612107156E11

-1.731251557350625E11

-1.7484858698977142E11

-1.7656885522907025E11

-1.7828546166312637E11

-1.7999786828533463E11

-1.817055050958549E11

-1.8340777941703003E11

-1.8510408684668283E11

-1.8679382319171417E11

-1.8847639659688748E11

-1.9015123905881964E11

-1.9181781659778973E11

-1.9347563753161682E11

-1.951242585208779E11

-1.967626848661879E11

-1.9838982906852286E11

-2.000052705504819E11

-2.0160874083929324E11

-2.0320009237430603E11

-2.047792691715286E11

-2.063462820194479E11

-2.0790118888541205E11

-2.0944408013226602E11

-2.1097506771368588E11

-2.1249427745303424E11

-2.1400184361483246E11

-2.154979051348214E11

-2.169826030282606E11

-2.1845607862514987E11

-2.1991847238120883E11

-2.2136992308768765E11

-2.22810567356525E11

-2.242405392951721E11

-2.2565997031180893E11

-2.2706898900999792E11

-2.284677211444892E11

-2.2985628961861005E11

-2.312348145097087E11

-2.326034131132556E11

-2.3396219999909906E11

-2.3531128707534756E11

-2.366507836567361E11

-2.3798079653530283E11

-2.3930143005186725E11

-2.4061278616727768E11

-2.419149645327246E11

-2.4320806255865067E11

-2.4449217548194946E11

-2.4576739643126654E11

-2.4703381649029242E11

-2.482915247589941E11

-2.495406084127801E11

-2.5078115275961118E11

-2.520132412950917E11

-2.5323695575559555E11

-2.54452376169479E11

-2.556595809064446E11

-2.568586467251191E11

-2.5804964881891315E11

-2.5923266086022894E11

-2.6040775504307663E11

-2.6157500212417014E11

-2.6273447146255655E11

-2.6388623105784366E11

-2.650303475870838E11

-2.661668864403654E11

-2.672959117551687E11

-2.684174864495359E11

-2.695316722541039E11

-2.706385297430452E11

-2.7173811836396542E11

-2.7283049646679486E11

-2.7391572133171692E11

-2.749938491961754E11

-2.760649352809898E11

-2.771290338156228E11

-2.7818619806262604E11

-2.792364803413011E11

-2.8027993205060657E11

-2.813166036913346E11

-2.823465448875927E11

-2.8336980440761395E11

-2.843864301839172E11

-2.853964693328514E11

-2.863999681735356E11

-2.87396972246229E11

-2.883875263301392E11

-2.8937167446070386E11

-2.903494599463496E11

-2.9132092538476306E11

-2.9228611267867554E11

-2.9324506305119196E11

-2.9419781706067444E11

-2.9514441461519336E11

-2.9608489498656995E11

-2.970192968240117E11

-2.979476581673728E11

-2.988700164600311E11

-2.997864085614138E11

-3.006968707591701E11

-3.0160143878101056E11

-3.0250014780622424E11

-3.0339303247687695E11

-3.0428012690871094E11

-3.0516146470175024E11

-3.0603707895062067E11

-3.0690700225459717E11

-3.077712667273857E11

-3.0862990400664685E11

-3.0948294526327155E11

-3.103304212104183E11

-3.1117236211231134E11

-3.1200879779281824E11

-3.128397576438075E11

-3.1366527063329004E11

-3.1448536531336383E11

-3.153000698279497E11

-3.1610941192033966E11

-3.1691341894055634E11

-3.177121178525316E11

-3.185055352411069E11

-3.1929369731886633E11

-3.2007662993279926E11

-3.208543585708058E11

-3.2162690836804254E11

-3.223943041131217E11

-3.231565702541559E11

-3.2391373090466705E11

-3.246658098493488E11

-3.254128305497021E11

-3.261548161495336E11

-3.2689178948032697E11

-3.2762377306649335E11

-3.283507891304998E11

-3.290728595978787E11

-3.297900061021271E11

-3.305022499894913E11

-3.312096123236465E11

-3.3191211389026984E11

-3.3260977520151245E11

-3.3330261650037286E11

-3.3399065776497186E11

-3.346739187127343E11

-3.353524188044803E11

-3.360261772484245E11

-3.366952130040939E11

-3.3735954478615314E11

-3.380191910681548E11

-3.386741700862055E11

-3.393244998425547E11

-3.399701981091087E11

-3.4061128243086786E11

-3.412477701292921E11

-3.4187967830559753E11

-3.4250702384398267E11

-3.431298234147884E11

-3.4374809347759094E11

-3.4436185028423364E11

-3.449711098817931E11

-3.4557588811548975E11

-3.461762006315313E11

-3.467720628799065E11

-3.4736349011711584E11

-3.479504974088545E11

-3.485330996326316E11

-3.4911131148034705E11

-3.496851474608095E11

-3.502546219022089E11

-3.5081974895453687E11

-3.513805425919622E11

-3.519370166151585E11

-3.524891846535842E11

-3.530370601677212E11

-3.53580656451268E11

-3.54119986633291E11

-3.546550636803333E11

-3.5518590039848535E11

-3.5571250943541144E11

-3.5623490328234155E11

-3.567530942760224E11

-3.57267094600632E11

-3.5777691628966077E11

-3.582825712277492E11

-3.587840711525028E11

-3.592814276562589E11

-3.597746521878313E11

